8 8 1
 1.0   0.0           0.0
-0.5   0.866025404   0.0
 0.0   0.0           1.0

2
0.333333333 0.666666667 0
0 0 1.5
-3.12276251875 0 0   0 0 0   0 0 0

0.666666667 0.333333333 0
0 0 1.5
-3.12276251875 0 0   0 0 0   0 0 0

12
0 1    0  0 0    -19.49182553875 0 0     0 -18.47237479     0      0 0 -18.47237479
0 1   -1  0 0    -19.49182553875 0 0     0 -18.47237479     0      0 0 -18.47237479
0 1    0  1 0    -19.49182553875 0 0     0 -18.47237479     0      0 0 -18.47237479
0 0    1  0 0     -5.7387258225  0 0     0  -6.1364053675   0      0 0  -6.1364053675
0 0    1  1 0     -5.7387258225  0 0     0  -6.1364053675   0      0 0  -6.1364053675
0 0    0  1 0     -5.7387258225  0 0     0  -6.1364053675   0      0 0  -6.1364053675
1 1    1  0 0     -5.7387258225  0 0     0  -6.1364053675   0      0 0  -6.1364053675
1 1    1  1 0     -5.7387258225  0 0     0  -6.1364053675   0      0 0  -6.1364053675
1 1    0  1 0     -5.7387258225  0 0     0  -6.1364053675   0      0 0  -6.1364053675
0 1   -1  1 0      4.57737083    0 0     0   4.474132450625 0      0 0   4.474132450625
0 1    1  1 0      4.57737083    0 0     0   4.474132450625 0      0 0   4.474132450625
0 1   -1 -1 0      4.57737083    0 0     0   4.474132450625 0      0 0   4.474132450625