T, M, Cv, Chi, 
 30.00,   1.01816124,          49.98814181,           0.02909253
 31.00,   0.98226688,          57.25239346,           0.04020991
 32.00,   0.93301975,          64.30826971,           0.05957795
 33.00,   0.89719544,          66.58471825,           0.06317952
 34.00,   0.83510235,          74.72544617,           0.09108486
 35.00,   0.77823555,          75.42447487,           0.10514326
 36.00,   0.71679538,          76.40848038,           0.11868211
 37.00,   0.65699561,          73.55221073,           0.12494819
 38.00,   0.59967173,          66.45987747,           0.11779582
 39.00,   0.55453801,          62.31435788,           0.10831920
 40.00,   0.51035939,          57.91411958,           0.10090792
 41.00,   0.47359102,          55.26830658,           0.09385330
 42.00,   0.44774507,          50.72640715,           0.08180469
 43.00,   0.42247379,          48.50534363,           0.07545362
 44.00,   0.39757724,          45.43517117,           0.06730761
 45.00,   0.37737232,          44.21824978,           0.06256636
 46.00,   0.36163334,          42.89887756,           0.05777886
 47.00,   0.34664980,          40.15148240,           0.05160657
 48.00,   0.33459892,          38.81441013,           0.04763308
 49.00,   0.32157137,          37.75431316,           0.04380139
 50.00,   0.31035778,          36.07869452,           0.03955914
